integrals[0]: 0.017684624
integrals[1]: -4.999734686
integrals[2]: -0.015444740
integrals[3]: -0.000262869
integrals[4]: 0.047472684
integrals[5]: 0.015637864
integrals[6]: 0.055995908
integrals[7]: 0.017491500
integrals[8]: 0.015676579
integrals[9]: -4.999867252
integrals[10]: 0.014072743
integrals[11]: 0.015676579
